
mkdir google_cert
cd google_cert
ls -l
cd ..
ls -l
ls -alias
chmod u-x,g-w,o-x google_cert
ls -ltr




total 0
total 8
drwxrwxr-x 2 sbx_user1051 990 4096 Jun 19 21:04 google_cert
-rw-rw-r-- 1 sbx_user1051 990  113 Jun 19 21:04 main.sh
-rw-rw-r-- 1 sbx_user1051 990    0 Jun 19 21:04 stdin
total 16
    2 4 drwxrwxrwx 3 sbx_user1051  990 4096 Jun 19 21:04 .
    2 4 drwxr-xr-x 1 root         root 4096 Jun 19 20:14 ..
29601 4 drwxrwxr-x 2 sbx_user1051  990 4096 Jun 19 21:04 google_cert
   11 4 -rw-rw-r-- 1 sbx_user1051  990  113 Jun 19 21:04 main.sh
   12 0 -rw-rw-r-- 1 sbx_user1051  990    0 Jun 19 21:04 stdin
total 8
-rw-rw-r-- 1 sbx_user1051 990    0 Jun 19 21:04 stdin
-rw-rw-r-- 1 sbx_user1051 990  113 Jun 19 21:04 main.sh
drw-r-xr-- 2 sbx_user1051 990 4096 Jun 19 21:04 google_cert

[Execution complete with exit code 0]
